Atmodep_file
line2
line3
line4
line5
  2  36
     1  2000
     0.375       2.2      0.02       1.6       0.5       1.1       0.2       1.2       0.3       1.1      0.01       1.5      0.45     1.204     0.224      1.66     0.459     1.178     0.254     1.816     1.191     0.248     1.606     0.487     1.206     0.203     1.208     0.494     1.213     0.177     0.123      0.11      0.06     0.62     1.01     1.03
      0.32       2.1      0.03       1.5       0.3       2.1       0.5       1.3       0.2       1.3      0.02       1.2      0.42     1.204     0.224      1.66     0.459     1.178     0.254     1.816     1.191     0.248     1.606     0.487     1.206     0.203     1.208     0.494     1.213     0.177     0.124      0.15      0.05     0.61     0.53     0.58
      0.31       1.2      0.04       1.2       0.2       1.6       0.6       2.1       0.1       1.2      0.03       1.3      0.41     1.204     0.224      1.66     0.459     1.178     0.254     1.816     1.191     0.248     1.606     0.487     1.206     0.203     1.208     0.494     1.213     0.177     0.121      0.18      0.19     0.41     0.47     0.82
      0.55       1.5      0.05       1.1      0.12       1.3       0.2       1.9      0.15       1.5      0.04       1.1      0.39     1.204     0.224      1.66     0.459     1.178     0.254     1.816     1.191     0.248     1.606     0.487     1.206     0.203     1.208     0.494     1.213     0.177     0.156      0.15      0.11     0.09     1.44     1.23
     0.376       2.2      0.02       1.6       0.5       1.1       0.2       1.2       0.3       1.1      0.01       1.5      0.45     1.204     0.224      1.66     0.459     1.178     0.254     1.816     1.191     0.248     1.606     0.487     1.206     0.203     1.208     0.494     1.213     0.177     0.123      0.12      0.09     0.05     1.55     1.22 
      0.33       2.1      0.03       1.5       0.3       2.1       0.5       1.3       0.2       1.3      0.02       1.2      0.42     1.204     0.224      1.66     0.459     1.178     0.254     1.816     1.191     0.248     1.606     0.487     1.206     0.203     1.208     0.494     1.213     0.177     0.123      0.05      0.02     0.05     0.02     0.08
      0.32       1.2      0.04       1.2       0.2       1.6       0.6       2.1       0.1       1.2      0.03       1.3      0.41     1.204     0.224      1.66     0.459     1.178     0.254     1.816     1.191     0.248     1.606     0.487     1.206     0.203     1.208     0.494     1.213     0.177     0.166      0.15      0.14     0.13     0.12     0.11
      0.56       1.5      0.05       1.1      0.12       1.3       0.2       1.9      0.15       1.5      0.04       1.1      0.39     1.204     0.224      1.66     0.459     1.178     0.254     1.816     1.191     0.248     1.606     0.487     1.206     0.203     1.208     0.494     1.213     0.177     0.177      1.16      0.15     0.14     0.13     0.10

