plants.pPlant   paramete-       Little  River   ExperimeWatershe(Subbasin)
        NUMB    PLANTNM IDC     BIO_E   HVSTI   BLAI    FRGRW1  LAIMX1  FRGRW2  LAIMX2  DLAI    CHTMX   RDMX    T_OPT   T_BASE  CNYLD   CPYLD   PLTNFR1 PLTNFR2 PLTNFR3 PLTPFR1 PLTPFR2 PLTPFR3 WSYF    USLE_C  GSI     VPDFR   GMAXFR  WAVP
               1AGRL           4    33.5    0.45       3    0.15    0.05     0.5    0.95    0.64       1       2      30      11  0.0199  0.0032   0.044  0.0164  0.0128   0.006  0.0022  0.0018    0.25     0.2   0.005       4    0.75     8.5
               2AGRR           4      39     0.5       3    0.15    0.05     0.5    0.95     0.7     2.5       2      25       8   0.014  0.0016   0.047  0.0177  0.0138  0.0048  0.0018  0.0014     0.3     0.2   0.007       4    0.75     7.2
               3AGRC           5      30     0.4       4    0.05    0.05    0.45    0.95     0.5     0.9     1.3      18       0   0.025  0.0022  0.0663  0.0255  0.0148  0.0053   0.002  0.0012     0.2    0.03   0.006       4    0.75       6
               4ORCD           7      15     0.1       4     0.1    0.15     0.5    0.75    0.99     3.5       2      20       7  0.0019  0.0004   0.006   0.002  0.0015  0.0007  0.0004  0.0003    0.05   0.001   0.007       4    0.75       3
               5HAY            6      35     0.9       4    0.05    0.05    0.49    0.95    0.99     0.5       2      25      12  0.0234  0.0033    0.06  0.0231  0.0134  0.0084  0.0032  0.0019     0.9   0.003   0.005       4    0.75      10
               6FRST           7      15    0.76       5    0.05    0.05     0.4    0.95    0.99       6     3.5      30      10  0.0015  0.0003   0.006   0.002  0.0015  0.0007  0.0004  0.0003    0.01   0.005   0.002       4    0.75       8
               7FRSD           7      15    0.76       5    0.05    0.05     0.4    0.95    0.99       6     3.5      30      10  0.0015  0.0003   0.006   0.002  0.0015  0.0007  0.0004  0.0003    0.01   0.001   0.002       4    0.75       8
               8FRSE           7      15    0.76       5    0.15     0.7    0.25    0.99    0.99      10     3.5      30       0  0.0015  0.0003   0.006   0.002  0.0015  0.0007  0.0004  0.0003     0.6   0.001   0.002       4    0.75       8
               9WETL           6      47     0.9       6     0.1     0.2     0.2    0.95     0.7     2.5     2.2      25      12   0.016  0.0022   0.035   0.015  0.0038  0.0014   0.001  0.0007     0.9   0.003   0.005       4    0.75     8.5
              10WETF           7      15    0.76       5    0.05    0.05     0.4    0.95    0.99       6     3.5      30      10  0.0015  0.0003   0.006   0.002  0.0015  0.0007  0.0004  0.0003    0.01   0.001   0.002       4    0.75       8
              11WETN           6      47     0.9       6     0.1     0.2     0.2    0.95     0.7     2.5     2.2      25      12   0.016  0.0022   0.035   0.015  0.0038  0.0014   0.001  0.0007     0.9   0.003   0.005       4    0.75     8.5
              12PAST           6      35     0.9       4    0.05    0.05    0.49    0.95    0.99     0.5       2      25      12  0.0234  0.0033    0.06  0.0231  0.0134  0.0084  0.0032  0.0019     0.9   0.005   0.005       4    0.75      10
              13SPAS           6      35     0.9       4    0.05    0.05    0.49    0.95    0.99     0.5       2      25      12  0.0234  0.0033    0.06  0.0231  0.0134  0.0084  0.0032  0.0019     0.9   0.003   0.005       4    0.75      10
              14WPAS           6      30     0.9       4    0.15    0.01     0.5    0.95     0.8     1.5       2      15       0  0.0234  0.0033   0.056   0.021   0.012  0.0099  0.0022  0.0019     0.9   0.003   0.005       4    0.75       8
              15RNGE           6      34     0.9     2.5    0.05     0.1    0.25     0.7    0.35       1       2      25      12   0.016  0.0022    0.02   0.012   0.005  0.0014   0.001  0.0007     0.9   0.003   0.005       4    0.75      10
              16RNGB           6      34     0.9       2    0.05     0.1    0.25     0.7    0.35       1       2      25      12   0.016  0.0022    0.02   0.012   0.005  0.0014   0.001  0.0007     0.9   0.003   0.005       4    0.75      10
              17SWRN           6      34     0.9     1.5    0.05     0.1    0.25     0.7    0.35       1       2      25      12   0.016  0.0022    0.02   0.012   0.005  0.0014   0.001  0.0007     0.9   0.003   0.005       4    0.75      10
              18WATR           6       0       0       0       0       0       0       0       0       0       0       0       0       0       0       0       0       0       0       0       0       0       0       0       0       0       0
              19CORN           4      39     0.5       6    0.15    0.05     0.5    0.95     0.7     2.5       2      25       8   0.014  0.0016   0.047  0.0177  0.0138  0.0048  0.0018  0.0014     0.3    0.14   0.007       4    0.75     7.2
              20CSIL           4      39     0.9       4    0.15    0.05     0.5    0.95     0.7     2.5       2      25       8   0.014  0.0016   0.047  0.0177  0.0138  0.0048  0.0018  0.0014     0.9     0.2   0.007       4    0.75     7.2
              21SCRN           4      39     0.5     2.5    0.15    0.05     0.5    0.95     0.5     2.5       2      24      12  0.0214  0.0037   0.047  0.0177  0.0138  0.0048  0.0018  0.0014     0.3     0.2   0.007       4    0.75     7.2
              22EGAM           6      21     0.9     2.5    0.05    0.18    0.25     0.9     0.4     1.7       2      25      12   0.016  0.0022    0.02    0.01   0.007  0.0014   0.001  0.0007     0.9   0.003   0.005       4    0.75      10
              23GRSG           4    33.5    0.45       3    0.15    0.05     0.5    0.95    0.64       1       2      30      11  0.0199  0.0032   0.044  0.0164  0.0128   0.006  0.0022  0.0018    0.25     0.2   0.005       4    0.75     8.5
              24SGHY           4    33.5     0.9       4    0.15    0.05     0.5    0.95    0.64     1.5       2      30      11  0.0199  0.0032   0.044  0.0164  0.0128   0.006  0.0022  0.0018     0.9     0.2   0.005       4    0.75     8.5
              25JHGR           6      35     0.9     2.5    0.15    0.05    0.57    0.95     0.5       1       2      30      11    0.02  0.0028   0.044  0.0164  0.0128   0.006  0.0022  0.0018     0.9     0.2   0.005       4    0.75     8.5
              26SUGC           6      25     0.5       6    0.15    0.01     0.5    0.95    0.75       3       2      25      11       0       0    0.01   0.004  0.0025  0.0075   0.003  0.0019    0.01   0.001   0.005       4    0.75      10
              27SWHT           5      35    0.42       4    0.15    0.05     0.5    0.95     0.6     0.9       2      18       0  0.0234  0.0033    0.06  0.0231  0.0134  0.0084  0.0032  0.0019     0.2    0.03   0.006       4    0.75       8
              28WWHT           5      30     0.4       4    0.05    0.05    0.45    0.95     0.5     0.9     1.3      18       0   0.025  0.0022  0.0663  0.0255  0.0148  0.0053   0.002  0.0012     0.2    0.03   0.006       4    0.75       6
              29DWHT           5      30     0.4       4    0.15    0.01     0.5    0.95     0.8       1       2      15       0  0.0263  0.0057    0.06  0.0231   0.013  0.0084  0.0032  0.0019     0.2    0.03   0.006       4    0.75       7
              30RYE            5      35     0.4       4    0.15    0.01     0.5    0.95     0.8       1     1.8    12.5       0  0.0284  0.0042    0.06  0.0231  0.0134  0.0084  0.0032  0.0019     0.2    0.03    0.01       4    0.75       7
              31BARL           5      35    0.54       4    0.15    0.01    0.45    0.95     0.6     1.2     1.3      25       0   0.021  0.0017   0.059  0.0226  0.0131  0.0057  0.0022  0.0013     0.2    0.01   0.008       4    0.75       7
              32OATS           5      35    0.42       4    0.15    0.02     0.5    0.95     0.8     1.5       2      15       0  0.0316  0.0057    0.06  0.0231  0.0134  0.0084  0.0032  0.0019    0.17    0.03   0.005       4    0.75      10
              33RICE           4      22     0.5       5     0.3    0.01     0.7    0.95     0.8     0.8     0.9      25      10  0.0136  0.0013    0.05    0.02    0.01   0.006   0.003  0.0018    0.25    0.03   0.008       4    0.75       5
              34PMIL           4      35    0.25     2.5    0.15    0.01     0.5    0.95    0.85       3       2      30      10    0.02  0.0028   0.044    0.03    0.01   0.006  0.0022  0.0012     0.1     0.2   0.014       4    0.75       8
              35TIMO           6      35     0.9       4    0.15    0.01     0.5    0.95    0.85     0.8       2      25       8  0.0234  0.0033  0.0314  0.0137  0.0103  0.0038  0.0025  0.0019     0.9   0.003   0.005       4    0.75       8
              36BROS           6      35     0.9       5    0.15    0.01     0.5    0.95    0.85     1.2       2      25       8  0.0234  0.0033    0.04   0.024   0.016  0.0028  0.0017  0.0011     0.9   0.003   0.003       4    0.75       8
              37BROM           6      35     0.9       3    0.45    0.02     0.8    0.95    0.85     0.8     1.3      25       6  0.0234  0.0033    0.04   0.024   0.016  0.0028  0.0017  0.0011     0.9   0.003   0.005       4    0.75       8
              38FESC           6      30     0.9       4    0.15    0.01     0.5    0.95     0.8     1.5       2      15       0  0.0234  0.0033   0.056   0.021   0.012  0.0099  0.0022  0.0019     0.9   0.003   0.005       4    0.75       8
              39BLUG           6      18     0.9       2    0.05    0.05     0.3     0.7    0.35     0.2     1.4      25      12   0.016  0.0022    0.02    0.01   0.006  0.0014   0.001  0.0007     0.9   0.003   0.005       4    0.75      10
              40BERM           6      35     0.9       4    0.05    0.05    0.49    0.95    0.99     0.5       2      25      12  0.0234  0.0033    0.06  0.0231  0.0134  0.0084  0.0032  0.0019     0.9   0.003   0.005       4    0.75      10
              41CWGR           6      35     0.9       4    0.35    0.02    0.62    0.95    0.85     0.9     1.3      25       6    0.05   0.004    0.03    0.02   0.012   0.002  0.0015  0.0013     0.9   0.003   0.005       4    0.75       8
              42WWGR           6      35     0.9       4     0.5    0.02    0.89    0.95    0.85     0.6     1.3      25       6    0.05   0.004    0.03    0.02   0.012   0.002  0.0015  0.0013     0.9   0.003   0.008       4    0.75       8
              43SWGR           6      35     0.9       4    0.15    0.01     0.5    0.95    0.85     0.7       2      25       8    0.05   0.004    0.03    0.02   0.012   0.002  0.0015  0.0013     0.9   0.003   0.005       4    0.75       8
              44RYEG           5      30     0.9       4     0.2    0.32    0.45    0.95     0.5     0.8     1.3      18       0   0.022  0.0028   0.066  0.0254  0.0147  0.0105   0.004  0.0024     0.9    0.03   0.005       4    0.75       6
              45RYER           6      30     0.9       3    0.35    0.02    0.62    0.95     0.8       1     1.3      15       0   0.023  0.0037  0.0226   0.018   0.014   0.004   0.004  0.0024     0.9    0.03   0.006       4    0.75       8
              46RYEA           6      30     0.9       3    0.35    0.02    0.62    0.95     0.8     1.1     1.3      15       0   0.023  0.0037  0.0226   0.018   0.014   0.004   0.004  0.0024     0.9    0.03   0.005       4    0.75       8
              47SIDE           6      11     0.9     1.7    0.05    0.05     0.3     0.7    0.35     0.4     1.4      25      12   0.016  0.0022    0.02    0.01   0.006  0.0014   0.001  0.0007     0.9   0.003   0.005       4    0.75      10
              48BBLS           6      14     0.9       3    0.05     0.1    0.25     0.7    0.35       1       2      25      12   0.016  0.0022    0.02   0.012   0.005  0.0014   0.001  0.0007     0.9   0.003   0.005       4    0.75      10
              49LBLS           6      34     0.9     2.5    0.05     0.1    0.25     0.7    0.35       1       2      25      12   0.016  0.0022    0.02   0.012   0.005  0.0014   0.001  0.0007     0.9   0.003   0.005       4    0.75      10
              50SWCH           6      47     0.9       6     0.1     0.2     0.2    0.95     0.7     2.5     2.2      25      12   0.016  0.0022   0.035   0.015  0.0038  0.0014   0.001  0.0007     0.9   0.003   0.005       4    0.75     8.5
              51INDN           6      34     0.9       3    0.05     0.1    0.25     0.7    0.35       1       2      25      12   0.016  0.0022    0.02   0.012   0.005  0.0014   0.001  0.0007     0.9   0.003   0.005       4    0.75      10
              52ALFA           3      20     0.9       4    0.15    0.01     0.5    0.95     0.9     0.9       3      20       4   0.025  0.0035  0.0417   0.029    0.02  0.0035  0.0028   0.002     0.9    0.01    0.01       4    0.75      10
              53CLVS           3      25     0.9       4    0.15    0.01     0.5    0.95    0.75     1.5     2.4      15       1   0.065   0.004   0.065   0.028  0.0243   0.006  0.0024  0.0024     0.9   0.003   0.005       4    0.75      10
              54CLVR           2      25     0.9       4    0.15    0.01     0.5    0.95    0.75    0.75     1.5      15       1   0.065   0.004   0.065   0.028  0.0243   0.006  0.0024  0.0024     0.9   0.003   0.006       4    0.75      10
              55CLVA           3      25     0.9       4    0.15    0.01     0.5    0.95    0.75     0.9       2      15       1    0.06   0.004    0.06   0.028   0.024   0.006  0.0025  0.0025     0.9   0.003   0.005       4    0.75      10
              56SOYB           1      25    0.31       3    0.15    0.05     0.5    0.95     0.6     0.8     1.7      25      10   0.065  0.0091  0.0524  0.0265  0.0258  0.0074  0.0037  0.0035    0.01    0.14   0.007       4    0.75       8
              57CWPS           1      35    0.42       4    0.15    0.01     0.5    0.95     0.8     1.2       2      28      14  0.0427  0.0048    0.06  0.0231  0.0134  0.0049  0.0019  0.0011    0.05    0.03   0.005       4    0.75       8
              58MUNG           1      25    0.31       4    0.15    0.01     0.5    0.95     0.9     1.5       2      30      15   0.042   0.004  0.0524  0.0265  0.0258  0.0074  0.0037  0.0035    0.01     0.2   0.005       4    0.75      10
              59LIMA           1      25     0.3     2.5     0.1    0.05     0.8    0.95     0.9     0.6       2      26      18  0.0368  0.0046   0.004   0.003  0.0015  0.0035   0.003  0.0015    0.22     0.2   0.005       4    0.75       5
              60LENT           1      20    0.61       4    0.15    0.02     0.5    0.95     0.9    0.55     1.2      20       3  0.0506  0.0051   0.044  0.0164  0.0128  0.0074  0.0037  0.0023    0.01     0.2   0.005       4    0.75      10
              61PNUT           1      20     0.4       4    0.15    0.01     0.5    0.95    0.75     0.5       2      27      14  0.0505   0.004  0.0524  0.0265  0.0258  0.0074  0.0037  0.0035     0.3     0.2   0.006       4    0.75       4
              62FPEA           2      25    0.45       4    0.15    0.01     0.5    0.95    0.75     1.2     1.2      15       1   0.037  0.0021  0.0515  0.0335  0.0296  0.0033  0.0019  0.0014     0.1    0.01   0.005       4    0.75      10
              63PEAS           2      25     0.3     2.5     0.1    0.05     0.8    0.95     0.6     0.6     1.2      14       5   0.041  0.0051   0.004   0.003  0.0015   0.003   0.002  0.0015    0.22     0.2   0.005       4    0.75       5
              64SESB           1      50    0.31       5    0.15    0.01     0.5    0.95     0.9       2       2      25      10   0.065  0.0091    0.05    0.02   0.015  0.0074  0.0037  0.0035    0.01     0.2   0.005       4    0.75      10
              65FLAX           5      25    0.54     2.5    0.15    0.02     0.5    0.95     0.9     1.2     1.5    22.5       5    0.04  0.0033  0.0482  0.0294  0.0263  0.0049  0.0024  0.0023     0.4     0.2   0.005       4    0.75      10
              66COTS           4      15     0.5       4    0.15    0.01     0.5    0.95    0.95       1     2.5      30      15   0.014   0.002   0.058  0.0192  0.0177  0.0081  0.0027  0.0025     0.4     0.2   0.009       4    0.75       3
              67COTP           4      15     0.4       4    0.15    0.01     0.5    0.95    0.95       1     2.5      30      15   0.019  0.0029   0.058  0.0192  0.0177  0.0081  0.0027  0.0025     0.3     0.2   0.009       4    0.75       3
              68TOBC           4      39    0.55     4.5    0.15    0.05     0.5    0.95     0.7     1.8       2      25      10   0.014  0.0016   0.047  0.0177  0.0138  0.0048  0.0018  0.0014    0.55     0.2   0.005       4    0.75       8
              69SGBT           4      30       2       5    0.05    0.05     0.5    0.95     0.6     1.2       2      18       4   0.013   0.002   0.055    0.02   0.012   0.006  0.0025  0.0019     1.1     0.2   0.007       4    0.75      10
              70POTA           5      25    0.95       4    0.15    0.01     0.5    0.95     0.6     0.6     0.6      22       7  0.0246  0.0023   0.055    0.02   0.012   0.006  0.0025  0.0019    0.95     0.2   0.005       4    0.75    14.8
              71CRRT           5      30    1.12     3.5    0.15    0.01     0.5    0.95     0.6     0.3     1.2      24       7  0.0135  0.0036   0.055  0.0075  0.0012   0.006   0.003   0.002     0.9     0.2   0.006       4    0.75      10
              72ONIO           5      30    1.25     1.5    0.15    0.01     0.5    0.95     0.6     0.5     0.6      19       7  0.0206  0.0032    0.04    0.03   0.002  0.0021   0.002  0.0019    0.95     0.2   0.006       4    0.75      10
              73SUNF           4      46     0.3       3    0.15    0.01     0.5    0.95    0.62     2.5       2      25       6  0.0454  0.0074    0.05   0.023  0.0146  0.0063  0.0029  0.0023    0.18     0.2   0.008       4    0.75    32.3
              74CANP           4      34    0.23     3.5    0.15    0.02    0.45    0.95     0.5     0.9     0.9      21       5   0.038  0.0079   0.044  0.0164  0.0128  0.0074  0.0037  0.0023    0.01     0.2   0.006       4    0.75      10
              75CANA           4      34     0.3     4.5    0.15    0.02    0.45    0.95     0.5     1.3     1.4      21       5   0.038  0.0079   0.044  0.0164  0.0128  0.0074  0.0037  0.0023    0.01     0.2   0.006       4    0.75      10
              76ASPR           6      90     0.8     4.2    0.25    0.23     0.4    0.86       1     0.5       2      24      10   0.063  0.0067   0.062    0.05    0.04   0.005   0.004   0.002    0.95     0.2   0.006       4    0.75       5
              77BROC           5      26     0.8     4.2    0.25    0.23     0.4    0.86       1     0.5     0.6      18       4  0.0512  0.0071   0.062   0.009   0.007   0.005   0.004   0.003    0.95     0.2   0.006       4    0.75       5
              78CABG           6      19     0.8       3    0.25    0.23     0.4    0.86       1     0.5     0.6      18       1  0.0259  0.0031   0.062   0.007   0.004   0.005  0.0035   0.002    0.95     0.2   0.006       4    0.75       5
              79CAUF           5      21     0.8     2.5    0.25    0.23     0.4    0.86       1     0.5     0.6      18       5  0.0411  0.0059   0.062   0.007   0.004   0.005  0.0035   0.002    0.95     0.2   0.006       4    0.75       5
              80CELR           6      27     0.8     2.5    0.25    0.23     0.4    0.86       1     0.5     0.6      22       4  0.0199  0.0049   0.062   0.015    0.01   0.006   0.005   0.003    0.95     0.2   0.006       4    0.75       5
              81LETT           5      23     0.8     4.2    0.25    0.23     0.4    0.86       1     0.2     0.6      18       7  0.0393  0.0049   0.036   0.025   0.021  0.0084  0.0032  0.0019    0.01    0.01   0.003       4    0.75       8
              82SPIN           5      30    0.95     4.2     0.1    0.05     0.9    0.95    0.95     0.5     0.6      24       4  0.0543  0.0058   0.062    0.04    0.03   0.005   0.004  0.0035    0.95     0.2   0.006       4    0.75       5
              83GRBN           1      25     0.1     1.5     0.1    0.05     0.8    0.95     0.9     0.6     1.2      19      10  0.0299  0.0039   0.004   0.003  0.0015   0.004  0.0035  0.0015     0.1     0.2   0.008       4    0.75       5
              84CUCM           4      30    0.27     1.5    0.15    0.05     0.5    0.95     0.6     0.5     1.2      32      16  0.0219  0.0043  0.0663  0.0075  0.0048  0.0053  0.0025  0.0012    0.25    0.03   0.003       4    0.75       8
              85EGGP           4      30    0.59       3    0.15    0.05     0.5    0.95     0.6     0.5     1.2      26      15  0.0218  0.0041  0.0663  0.0255  0.0075  0.0053   0.002  0.0015    0.25    0.03   0.006       4    0.75       8
              86CANT           4      30     0.5       3    0.15    0.05     0.5    0.95     0.6     0.5     1.2      35      15  0.0138  0.0017  0.0663  0.0255  0.0148  0.0053   0.002  0.0012    0.25    0.03   0.006       4    0.75       3
              87HMEL           4      30    0.55       4    0.15    0.05     0.5    0.95     0.6     0.5     1.2      35      16  0.0071   0.001   0.007   0.004   0.002  0.0026   0.002  0.0017    0.25    0.03   0.006       4    0.75       3
              88WMEL           4      30     0.5     1.5    0.15    0.05     0.5    0.95     0.6     0.5       2      35      18  0.0117  0.0011  0.0663  0.0075  0.0048  0.0053  0.0025  0.0012    0.25    0.03   0.006       4    0.75       3
              89PEPR           4      30     0.6       5    0.15    0.05     0.5    0.95     0.6     0.5     1.2      27      18  0.0188   0.003    0.06   0.035   0.025  0.0053   0.002  0.0012    0.25    0.03   0.005       4    0.75       8
              90STRW           6      30    0.45       3    0.15    0.05     0.5    0.95     0.6     0.5     0.6      32      10  0.0116  0.0023  0.0663  0.0255  0.0148  0.0053   0.002  0.0012    0.25    0.03   0.006       4    0.75       8
              91TOMA           4      30    0.33       3    0.15    0.05     0.5    0.95    0.95     0.5       2      22      10  0.0235  0.0048  0.0663    0.03   0.025  0.0053  0.0035  0.0025    0.15    0.03   0.008       4    0.75       8
              92APPL           7      15     0.1       4     0.1    0.15     0.5    0.75    0.99     3.5       2      20       7  0.0019  0.0004   0.006   0.002  0.0015  0.0007  0.0004  0.0003    0.05   0.001   0.007       4    0.75       3
              93PINE           7      15    0.76       5    0.15     0.7    0.25    0.99    0.99      10     3.5      30       0  0.0015  0.0003   0.006   0.002  0.0015  0.0007  0.0004  0.0003     0.6   0.001   0.002       4    0.75       8
              94OAK            7      15    0.76       5    0.05    0.05     0.4    0.95    0.99       6     3.5      30      10  0.0015  0.0003   0.006   0.002  0.0015  0.0007  0.0004  0.0003    0.01   0.001   0.002       4    0.75       8
              95POPL           7      30    0.76       5    0.05    0.05     0.4    0.95    0.99     7.5     3.5      30      10  0.0015  0.0003   0.006   0.002  0.0015  0.0007  0.0004  0.0003    0.01   0.001   0.004       4    0.75       8
              96MESQ           7    16.1    0.05    1.25    0.05    0.05     0.4    0.95    0.99       6     3.5      30      10  0.0015  0.0003    0.02    0.01   0.008  0.0007  0.0004  0.0003    0.01   0.001   0.004       4    0.75       8
              97GRAP           7      30    0.02       2    0.05    0.01     0.5    0.95     0.9       2       2      30      10    0.02  0.0025    0.01   0.004   0.003  0.0014  0.0008  0.0006    0.01     0.1   0.005     1.1    0.75       8
              98WBAR           5      30    0.54       4    0.05    0.05    0.45    0.95     0.9     0.9     1.3      18       0   0.025  0.0022  0.0663  0.0255  0.0148  0.0053   0.002  0.0012     0.2    0.03  0.0056       4    0.75       6
              99OILP           7      12    0.18       5     0.1    0.15     0.5    0.75    0.99     3.5       2      20       7  0.0019  0.0004   0.006   0.002  0.0015  0.0007  0.0004  0.0003    0.05   0.001  0.0071       4    0.75       3
             100RUBR           7     5.6     0.9     2.6     0.1    0.15     0.5    0.75    0.99     3.5       2      20       7  0.0019  0.0004   0.006   0.002  0.0015  0.0007  0.0004  0.0003    0.05   0.001  0.0071       4    0.75       3
             101BANA           7      30    0.44     4.5    0.05    0.05     0.4    0.95    0.99     7.5     3.5      30      10  0.0064  0.0008    0.06   0.032   0.016   0.003   0.002   0.001    0.01   0.001  0.0036       4    0.75       8
             102TEFF           5      35    0.23       3    0.15    0.05     0.5    0.95     0.9     0.9       2      18       0  0.0234  0.0033    0.06  0.0231  0.0134  0.0084  0.0032  0.0019     0.2    0.03  0.0056       4    0.75       8
             103COFF           7      10    0.15    1.35    0.05    0.05     0.4    0.95    0.99       2       2      30      10  0.0015  0.0003    0.02    0.01   0.008  0.0007  0.0004  0.0003    0.01   0.001  0.0036       4    0.75       8
             104PTBN           1      25     0.3     1.5    0.15    0.05     0.5    0.95     0.9     0.8     1.7      25      10   0.065  0.0091  0.0524  0.0265  0.0258  0.0074  0.0037  0.0035    0.01     0.2  0.0071       4    0.75       8
             105ALMD           7    16.1    0.05     1.2    0.05    0.05     0.4    0.95    0.99       6     3.5      30      10  0.0015  0.0003    0.02    0.01   0.008  0.0007  0.0004  0.0003    0.01   0.001  0.0036       4    0.75       8
             106GRAR           7    16.1    0.05       2    0.05    0.05     0.4    0.95    0.99       6     3.5      30      10  0.0015  0.0003    0.02    0.01   0.008  0.0007  0.0004  0.0003    0.01   0.001  0.0036       4    0.75       8
             107OLIV           7    16.1    0.05     0.8    0.05    0.05     0.4    0.95    0.99       6     3.5      30      10  0.0015  0.0003    0.02    0.01   0.008  0.0007  0.0004  0.0003    0.01   0.001  0.0036       4    0.75       8
             108CONT           4      39     0.5       6    0.15    0.05     0.5    0.95     0.7     2.5       2      25       8   0.014  0.0016   0.047  0.0177  0.0138  0.0048  0.0018  0.0014     0.3    0.07   0.007       4    0.75     7.2
             109COCT           4      39     0.5       6    0.15    0.05     0.5    0.95     0.7     2.5       2      25       8   0.014  0.0016   0.047  0.0177  0.0138  0.0048  0.0018  0.0014     0.3    0.25   0.007       4    0.75     7.2
             110SONT           1      25    0.31       3    0.15    0.05     0.5    0.95     0.6     0.8     1.7      25      10   0.065  0.0091  0.0524  0.0265  0.0258  0.0074  0.0037  0.0035    0.01    0.07   0.007       4    0.75       8
             111SOCT           1      25    0.31       3    0.15    0.05     0.5    0.95     0.6     0.8     1.7      25      10   0.065  0.0091  0.0524  0.0265  0.0258  0.0074  0.0037  0.0035    0.01    0.25   0.007       4    0.75       8
             112SONU           6      30     0.9       4    0.15    0.01     0.5    0.95     0.8     1.5       2      15       0  0.0234  0.0033   0.056   0.021   0.012  0.0099  0.0022  0.0019     0.9   0.003   0.005       4    0.75       8
             113BOCU           6      30     0.9       4    0.15    0.01     0.5    0.95     0.8     1.5       2      15       0  0.0234  0.0033   0.056   0.021   0.012  0.0099  0.0022  0.0019     0.9   0.003   0.005       4    0.75       8
             114SOSA           6      30     0.9       4    0.15    0.01     0.5    0.95     0.8     1.5       2      15       0  0.0234  0.0033   0.056   0.021   0.012  0.0099  0.0022  0.0019     0.9   0.003   0.005       4    0.75       8
             115SCSC           6      30     0.9       4    0.15    0.01     0.5    0.95     0.8     1.5       2      15       0  0.0234  0.0033   0.056   0.021   0.012  0.0099  0.0022  0.0019     0.9   0.003   0.005       4    0.75       8
             116TRAL           6      30     0.9       4    0.15    0.01     0.5    0.95     0.8     1.5       2      15       0  0.0234  0.0033   0.056   0.021   0.012  0.0099  0.0022  0.0019     0.9   0.003   0.005       4    0.75       8
             117SAAZ           6      30     0.9       4    0.15    0.01     0.5    0.95     0.8     1.5       2      15       0  0.0234  0.0033   0.056   0.021   0.012  0.0099  0.0022  0.0019     0.9   0.003   0.005       4    0.75       8
             118DEIL           6      30     0.9       4    0.15    0.01     0.5    0.95     0.8     1.5       2      15       0  0.0234  0.0033   0.056   0.021   0.012  0.0099  0.0022  0.0019     0.9   0.003   0.005       4    0.75       8
             119RADI           5      30    1.12     3.5    0.15    0.01     0.5    0.95     0.6     0.3     1.2      24       7  0.0135  0.0036   0.055  0.0075  0.0012   0.006   0.003   0.002     0.9     0.2   0.006       4    0.75      10
             120COCO           7      24    0.56       5    0.15     0.7    0.25    0.99    0.99      10     3.5      30       0  0.0015  0.0003   0.006   0.002  0.0015  0.0007  0.0004  0.0003     0.6   0.001  0.0019       4    0.75       8
             121ORAN           7      15    0.14       2     0.1    0.15     0.5    0.75    0.99     3.5       2      20       7  0.0019  0.0004   0.006   0.002  0.0015  0.0007  0.0004  0.0003    0.09   0.001   0.005       4       3       3
             122SEPT           6      35     0.9       4    0.05    0.05    0.49    0.95    0.99     0.5       2      25      12  0.0234  0.0033    0.06  0.0231  0.0134  0.0084  0.0032  0.0019     0.9   0.003   0.005       4    0.75      10
             123CASH           7      15    0.15       4     0.1    0.15     0.5    0.75    0.99     3.5       2      20       7  0.0019  0.0004   0.006   0.002  0.0015  0.0007  0.0004  0.0003    0.05   0.001  0.0071       4    0.75       3
             124PAPA           7      30    0.44     4.5    0.05    0.05     0.4    0.95    0.99     7.5     3.5      30      10     0.5  0.0008    0.06   0.032   0.016   0.003   0.002   0.001    0.01   0.001  0.0036       4    0.75       8
             125PINP           7      30     0.7       4    0.05    0.05     0.4    0.95    0.99       1     3.5      30      10  0.0064  0.0008    0.06   0.032   0.016   0.003   0.002   0.001    0.01   0.001  0.0036       4    0.75       8
             126PLAN           7      30    0.44     4.5    0.05    0.05     0.4    0.95    0.99     7.5     3.5      30      10  0.0064  0.0008    0.06   0.032   0.016   0.003   0.002   0.001    0.01   0.001  0.0036       4    0.75       8
             127PEPP           7      30     0.6       2    0.15    0.05     0.5    0.95     0.6     0.8     1.1      27      18   0.003   0.002    0.06   0.035   0.025  0.0053   0.002  0.0012     0.3       0   0.007     0.5    0.75       8
             128WILL           7      30    0.76       5    0.05    0.05     0.4    0.95    0.99     7.5     3.5      30      10  0.0015  0.0003   0.006   0.002  0.0015  0.0007  0.0004  0.0003    0.01   0.001  0.0036       4    0.75       8
             129BARR           6    0.01    0.01    0.01    0.05    0.05    0.49    0.95    0.99    0.01     0.1      25      12  0.0234  0.0033    0.06  0.0231  0.0134  0.0084  0.0032       0     0.9     0.2   0.005       4    0.75      10
             130SPOT           4      15     0.6       4    0.15    0.01     0.5    0.95     0.6     0.8       2      24      14  0.0097   0.001   0.045   0.016   0.009  0.0045  0.0019  0.0015     0.4    0.05   0.006       4    0.75       3













CO2HI   BIOEHI  RSDCO_PLALAI_MINBIO_LEAFMAT_YRS BMX_TREEEXT_COEFBM_DIEOFRSR1    RSR2    POP1    FRLAI1  POP2    FRLAI2  FRSW_GRODesc
     660      36    0.05       0       0       0       0    0.65     0.1       0       0       0       0       0       0     0.5AgricultLand-Generic
     660      45    0.05       0       0       0       0    0.65     0.1       0       0       0       0       0       0     0.5AgricultLand-Row
     660      39    0.05       0       0       0       0    0.65     0.1       0       0       0       0       0       0     0.5AgricultLand-CloCrops
     660      20    0.05    0.75     0.3       0       0    0.65     0.1       0       0       0       0       0       0     0.5Orchard
     660      36    0.05       0       0       0       0    0.65     0.1       0       0       0       0       0       0     0.5Hay
     660      16    0.05    0.75     0.3      50     100    0.65     0.1       0       0       0       0       0       0     0.5Forest-Mixed
     660      16    0.05    0.75     0.3      10     100    0.65     0.1       0       0       0       0       0       0     0.5Forest-Deciduous
     660      16    0.05    0.75     0.3      30     100    0.65     0.1     0.4     0.2     100    0.05    1000    0.95     0.5Forest-Evergreen
     660      54    0.05       0       0       0       0    0.65     0.1       0       0       0       0       0       0     0.5Wetlands-Mixed
     660      16    0.05       0       0      30     100    0.65     0.1       0       0       0       0       0       0     0.5Wetlands-Forested
     660      54    0.05       0       0       0       0    0.65     0.1       0       0       0       0       0       0     0.5Wetlands-Non-Forested
     660      36    0.05       0       0       0       0    0.65     0.1       0       0       0       0       0       0     0.5Pasture
     660      36    0.05       0       0       0       0    0.65     0.1       0       0       0       0       0       0     0.5Summer  Pasture
     660      39    0.05       0       0       0       0    0.65     0.1       0       0       0       0       0       0     0.5Winter  Pasture
     660      39    0.05       0       0       0       0    0.33     0.1       0       0       0       0       0       0     0.5Range-Grasses
     660      39    0.05       0       0       0       0    0.33     0.1       0       0       0       0       0       0     0.5Range-Brush
     660      39    0.05       0       0       0       0    0.33     0.1       0       0       0       0       0       0     0.5SouthwesUS
       0       0       0       0       0       0       0       0     0.1       0       0       0       0       0       0     0.5Water   (Arid)  Range
     660      45    0.05       0       0       0       0    0.65     0.1       0       0       0       0       0       0     0.5Corn
     660      45    0.05       0       0       0       0    0.65     0.1       0       0       0       0       0       0     0.5Corn    Silage
     660      45    0.05       0       0       0       0    0.65     0.1       0       0       0       0       0       0     0.5Sweet   Corn
     660      58    0.05       0       0       0       0    0.31     0.1       0       0       0       0       0       0     0.5Eastern Gamagrass
     660      36    0.05       0       0       0       0    0.65     0.1       0       0       0       0       0       0     0.5Grain   Sorghum
     660      36    0.05       0       0       0       0    0.65     0.1       0       0       0       0       0       0     0.5Sorghum Hay
     660      36    0.05       0       0       0       0    0.65     0.1       0       0       0       0       0       0     0.5Johnsongrass
     660      33    0.05       0       0       0       0    0.65     0.1       0       0       0       0       0       0     0.5Sugarcane
     660      46    0.05       0       0       0       0    0.65     0.1       0       0       0       0       0       0     0.5Spring  Wheat
     660      39    0.05       0       0       0       0    0.65     0.1       0       0       0       0       0       0     0.5Winter  Wheat
     660      45    0.05       0       0       0       0    0.65     0.1       0       0       0       0       0       0     0.5Durum   Wheat
     660      45    0.05       0       0       0       0    0.65     0.1       0       0       0       0       0       0     0.5Rye
     660      45    0.05       0       0       0       0    0.65     0.1       0       0       0       0       0       0     0.5Spring  Barley
     660      45    0.05       0       0       0       0    0.45     0.1       0       0       0       0       0       0     0.5Oats
     660      31    0.05       0       0       0       0    0.35     0.1       0       0       0       0       0       0     0.5Rice
     660      40    0.05       0       0       0       0    0.65     0.1       0       0       0       0       0       0     0.5Pearl   Millet
     660      45    0.05       0       0       0       0    0.65     0.1       0       0       0       0       0       0     0.5Timothy
     660      45    0.05       0       0       0       0    0.65     0.1       0       0       0       0       0       0     0.5Smooth  Bromegrass
     660      45    0.05       0       0       0       0    0.65     0.1       0       0       0       0       0       0     0.5Meadow  Bromegrass
     660      39    0.05       0       0       0       0    0.65     0.1       0       0       0       0       0       0     0.5Tall    Fescue
     660      31    0.05       0       0       0       0     1.4     0.1       0       0       0       0       0       0     0.5KentuckyBluegrass
     660      36    0.05       0       0       0       0       1     0.1       0       0       0       0       0       0     0.5Bermudagrass
     660      38    0.05       0       0       0       0     0.4     0.1       0       0       0       0       0       0     0.5Crested Wheatgrass
     660      45    0.05       0       0       0       0    0.65     0.1       0       0       0       0       0       0     0.5Western Wheatgrass
     660      45    0.05       0       0       0       0    0.65     0.1       0       0       0       0       0       0     0.5Slender Wheatgrass
     660      39    0.05       0       0       0       0    0.65     0.1     0.4     0.2      22    0.05      40    0.71     0.5Italian (Annual)
     660      39    0.05       0       0       0       0    0.65     0.1       0       0       0       0       0       0     0.5Russian Wildrye Ryegrass
     660      46    0.05       0       0       0       0    0.65     0.1       0       0       0       0       0       0     0.5Altai   Wildrye
     660      21    0.05       0       0       0       0    1.12     0.1       0       0       0       0       0       0     0.5SideoatsGrama
     660      39    0.05       0       0       0       0    0.36     0.1       0       0       0       0       0       0     0.5Big     Bluestem
     660      39    0.05       0       0       0       0    0.36     0.1       0       0       0       0       0       0     0.5Little  Bluestem
     660      54    0.05       0       0       0       0    0.33     0.1       0       0       0       0       0       0     0.5Alamo   Switchgrass
     660      39    0.05       0       0       0       0    0.36     0.1       0       0       0       0       0       0     0.5Indiangrass
     660      35    0.05       0       0       0       0    0.65     0.1       0       0       0       0       0       0     0.5Alfalfa
     660      30    0.05       0       0       0       0    0.55     0.1       0       0       0       0       0       0     0.5SWeetclover
     660      30    0.05       0       0       0       0    0.55     0.1       0       0       0       0       0       0     0.5Red     Clover
     660      30    0.05       0       0       0       0    0.55     0.1       0       0       0       0       0       0     0.5Alsike  Clover
     660      34    0.05       0       0       0       0    0.45     0.1       0       0       0       0       0       0     0.5Soybean
     660      39    0.05       0       0       0       0    0.65     0.1       0       0       0       0       0       0     0.5Cowpeas
     660      33    0.05       0       0       0       0    0.65     0.1       0       0       0       0       0       0     0.5Mung    Beans
     660      34    0.05       0       0       0       0    0.65     0.1       0       0       0       0       0       0     0.5Lima    Beans
     660      33    0.05       0       0       0       0    0.65     0.1       0       0       0       0       0       0     0.5Lentils
     660      25    0.05       0       0       0       0    0.65     0.1       0       0       0       0       0       0     0.5Peanut
     660      30    0.05       0       0       0       0    0.65     0.1       0       0       0       0       0       0     0.5Field   Peas
     660      34    0.05       0       0       0       0    0.65     0.1       0       0       0       0       0       0     0.5Garden  or
     660      60    0.05       0       0       0       0    0.65     0.1       0       0       0       0       0       0     0.5Sesbaniacanning peas
     660      33    0.05       0       0       0       0    0.65     0.1       0       0       0       0       0       0     0.5Flax
     660      19    0.05       0       0       0       0    0.65     0.1       0       0       0       0       0       0     0.5Cotton_S
     660      19    0.05       0       0       0       0    0.65     0.1       0       0       0       0       0       0     0.5Cotton_P
     660      44    0.05       0       0       0       0    0.65     0.1       0       0       0       0       0       0     0.5Tobacco
     660      35    0.05       0       0       0       0    0.65     0.1       0       0       0       0       0       0     0.5Sugarbeet
     660      30    0.05       0       0       0       0    0.65     0.1       0       0       0       0       0       0     0.5Potato
     660      35    0.05       0       0       0       0    0.65     0.1       0       0       0       0       0       0     0.5Carrot
     660      35    0.05       0       0       0       0    0.65     0.1       0       0       0       0       0       0     0.5Onion
     660      59    0.05       0       0       0       0     0.9     0.1       0       0       0       0       0       0     0.5Sunflower
     660      39    0.05       0       0       0       0    0.65     0.1       0       0       0       0       0       0     0.5Spring  Canola-Polish
     660      40    0.05       0       0       0       0    0.65     0.1       0       0       0       0       0       0     0.5Spring  Canola-Argentine
     660      95    0.05       0       0       0       0    0.65     0.1       0       0       0       0       0       0     0.5Asparagus
     660      30    0.05       0       0       0       0    0.65     0.1       0       0       0       0       0       0     0.5Broccoli
     660      25    0.05       0       0       0       0    0.65     0.1       0       0       0       0       0       0     0.5Cabbage
     660      25    0.05       0       0       0       0    0.65     0.1       0       0       0       0       0       0     0.5Cauliflower
     660      30    0.05       0       0       0       0    0.65     0.1       0       0       0       0       0       0     0.5Celery
     660      25    0.05       0       0       0       0    0.65     0.1       0       0       0       0       0       0     0.5Head    Lettuce
     660      35    0.05       0       0       0       0    0.65     0.1       0       0       0       0       0       0     0.5Spinach
     660      34    0.05       0       0       0       0    0.65     0.1       0       0       0       0       0       0     0.5Green   Beans
     660      39    0.05       0       0       0       0    0.65     0.1       0       0       0       0       0       0     0.5Cucumber
     660      39    0.05       0       0       0       0    0.65     0.1       0       0       0       0       0       0     0.5Eggplant
     660      39    0.05       0       0       0       0    0.65     0.1       0       0       0       0       0       0     0.5Cantaloupe
     660      39    0.05       0       0       0       0    0.65     0.1       0       0       0       0       0       0     0.5HoneydewMelon
     660      39    0.05       0       0       0       0    0.65     0.1       0       0       0       0       0       0     0.5Watermelon
     660      39    0.05       0       0       0       0    0.65     0.1       0       0       0       0       0       0     0.5Bell    Pepper
     660      39    0.05       0       0       0       0    0.65     0.1       0       0       0       0       0       0     0.5Strawberry
     660      39    0.05       0       0       0       0    0.65     0.1       0       0       0       0       0       0     0.5Tomato
     660      20    0.05    0.75     0.3      10      50    0.65     0.1       0       0       0       0       0       0     0.5Apple
     660      16    0.05    0.75     0.3      50     100    0.65     0.1       0       0       0       0       0       0     0.5Pine
     660      16    0.05    0.75     0.3      50     100    0.65     0.1       0       0       0       0       0       0     0.5Oak
     660      31    0.05    0.75     0.3      10      20    0.45     0.1       0       0       0       0       0       0     0.5Poplar
     660      18    0.05    0.75     0.3      10      50    0.61     0.1       0       0       0       0       0       0     0.5Honey   Mesquite
     660      40    0.05    0.01     0.3       2      10    0.65     0.1       0       0       0       0       0       0     0.5Grape
     660      39    0.05       0       0       0       0    0.65     0.1       0       0       0       0       0       0     0.5
     660      20    0.05    0.75     0.3      10      50    0.65     0.1       0       0       0       0       0       0     0.5
     660      20    0.05    0.75     0.3      10      50    0.65     0.1       0       0       0       0       0       0     0.5Rubber
     660      31    0.05    0.75     0.3      10      50    0.45     0.1       0       0       0       0       0       0     0.5Banana
     660      46    0.05       0       0       0       0    0.65     0.1       0       0       0       0       0       0     0.5
     660      18    0.05    0.75     0.3      10      50    0.61     0.1       0       0       0       0       0       0     0.5
     660      34    0.05       0       0       0       0    0.45     0.1       0       0       0       0       0       0     0.5
     660      18    0.05    0.75     0.3      10      50    0.61     0.1       0       0       0       0       0       0     0.5Almond
     660      18    0.05    0.75     0.3      10      50    0.61     0.1       0       0       0       0       0       0     0.5
     660      18    0.05    0.75     0.3      10      50    0.61     0.1       0       0       0       0       0       0     0.5Olive
     660      45    0.05       0       0       0       0    0.65     0.1       0       0       0       0       0       0     0.5
     660      45    0.05       0       0       0       0    0.65     0.1       0       0       0       0       0       0     0.5
     660      34    0.05       0       0       0       0    0.45     0.1       0       0       0       0       0       0     0.5
     660      34    0.05       0       0       0       0    0.45     0.1       0       0       0       0       0       0     0.5
     660      39    0.05       0       0       0       0    0.65     0.1     0.4     0.2      22    0.05      40    0.71     0.5
     660      39    0.05       0       0       0       0    0.65     0.1     0.4     0.2      22    0.05      40    0.71     0.5
     660      39    0.05       0       0       0       0    0.65     0.1     0.4     0.2      22    0.05      40    0.71     0.5
     660      39    0.05       0       0       0       0    0.65     0.1     0.4     0.2      22    0.05      40    0.71     0.5
     660      39    0.05       0       0       0       0    0.65     0.1     0.4     0.2      22    0.05      40    0.71     0.5
     660      39    0.05       0       0       0       0    0.65     0.1     0.4     0.2      22    0.05      40    0.71     0.5
     660      39    0.05       0       0       0       0    0.65     0.1     0.4     0.2      22    0.05      40    0.71     0.5
     660      35    0.05       0       0       0       0    0.65     0.1       0       0       0       0       0       0     0.5Radish
     660      16    0.05    0.75     0.3      30     100    0.65       0       0       0       0       0       0       0     0.5Coconut
     660      20    0.05    0.01     0.3      10      30    0.65     0.1       0       0       0       0       0       0     0.5Orange
     660      36    0.05       0       0       0       0       1     0.1       0       0       0       0       0       0     0.5Septic  Area
     660      20    0.05    0.75     0.3      10      50    0.65     0.1       0       0       0       0       0       0     0.5Cashews
     660      31    0.05    0.75     0.3      10      20    0.45     0.1       0       0       0       0       0       0     0.5Papayas
     660      31    0.05    0.75     0.3      10      20    0.45     0.1       0       0       0       0       0       0     0.5Pineapple
     660      31    0.05    0.75     0.3      10      20    0.45     0.1       0       0       0       0       0       0     0.5Plaintains
     660      39    0.05       0       0       0       0    0.65     0.1       0       0       0       0       0       0     0.5Peppers
     660      31    0.05    0.75     0.3      10      20    0.45     0.1       0       0       0       0       0       0     0.5Willow
     660    0.01     0.5       0       0       0       0       1     0.1       0       0       0       0       0       0     0.5Barren
     660      19    0.05       0       0       0       0    0.65     0.1       0       0       0       0       0       0     0.5Sweetpotato
                                                                                                                             0.5
                                                                                                                             0.5
                                                                                                                             0.5
                                                                                                                             0.5
                                                                                                                             0.5
                                                                                                                             0.5
                                                                                                                             0.5
                                                                                                                             0.5
                                                                                                                             0.5
                                                                                                                             0.5
                                                                                                                             0.5
                                                                                                                             0.5
